829
10 96
457 21
268 341
58 221
558 583
20 277
402 776
515 127
10 5
380 658
97 469
646 744
304 500
121 270
35 138
755 363
174 211
303 320
640 323
2 26
371 218
524 263
539 101
47 158
488 359
579 55
262 43
39 46
23 77
306 310
381 476
239 314
664 457
182 492
631 704
17 301
573 30
168 14
359 37
431 309
148 249
154 156
482 387
454 782
494 29
299 205
125 102
245 26
214 153
12 374
542 293
15 8
50 46
70 505
20 290
389 211
275 828
27 545
315 267
235 493
716 22
558 506
546 325
405 630
22 27
175 2
471 756
93 223
382 276
61 674
418 491
89 101
579 712
251 85
124 90
9 679
153 422
2 405
576 611
747 56
88 676
53 18
474 160
580 250
62 346
132 144
752 579
162 399
604 427
788 521
307 266
212 645
829 123
105 633
260 687
188 489
758 144
229 442
43 381
353 540
517 410
575 299
13 49
480 466
301 463
648 344
631 324
199 153
116 646
268 149
103 584
51 72
285 534
30 503
94 17
685 670
30 104
668 182
1 680
260 256
20 22
626 11
36 59
450 205
352 709
243 237
69 19
690 393
5 67
377 373
91 153
671 537
515 678
326 118
449 176
22 24
205 136
136 78
511 307
347 190
37 148
247 252
718 754
28 12
297 504
264 258
541 341
625 151
623 175
487 21
1 5
34 27
735 610
74 28
544 621
217 39
310 688
311 199
68 201
798 63
699 234
113 411
163 352
16 55
151 72
56 387
749 316
14 404
456 276
745 306
677 328
29 58
135 107
53 147
723 634
402 85
421 827
27 164
598 567
581 416
435 391
53 146
44 628
6 1
258 162
423 660
177 227
495 291
525 263
31 8
208 403
606 140
14 265
54 25
253 561
495 703
434 224
714 760
797 54
397 82
90 60
444 567
576 530
29 10
180 246
12 256
261 52
351 9
79 42
17 37
761 144
603 142
143 551
267 205
236 585
213 161
225 255
10 17
443 327
45 289
800 129
27 139
8 7
35 649
543 170
175 666
512 439
68 137
420 765
167 57
16 105
622 594
109 549
510 781
100 7
250 647
254 238
694 19
540 779
222 165
23 45
386 286
347 733
673 762
384 477
3 35
353 250
807 550
5 14
339 791
484 431
106 86
451 721
815 679
473 116
203 459
4 182
669 581
285 663
150 271
90 206
154 109
237 6
275 281
161 102
39 42
773 681
383 471
159 257
82 69
638 473
65 73
51 66
413 16
525 595
226 297
157 75
72 406
1 370
676 729
178 460
385 135
34 825
183 165
585 597
426 142
100 354
226 75
563 343
76 174
508 416
662 246
522 292
220 73
650 211
499 535
264 651
792 112
510 641
728 488
273 155
367 753
391 394
682 766
15 236
51 454
61 68
146 338
617 684
25 2
302 616
113 241
824 172
596 447
391 45
777 92
115 64
412 516
26 536
77 184
420 91
1 2
772 543
636 770
32 62
626 719
34 179
392 395
790 688
577 420
331 372
304 140
43 108
250 521
94 114
112 149
296 110
35 133
59 409
75 15
707 396
784 353
605 322
629 313
274 186
569 82
10 128
531 401
67 120
95 439
84 129
641 757
38 10
141 92
8 330
171 47
369 54
11 8
110 197
323 468
8 210
22 117
6 240
298 45
364 275
436 233
37 233
233 673
527 344
91 79
182 447
122 96
64 25
1 811
414 548
330 446
697 635
150 1
376 180
41 70
95 190
60 795
44 207
374 483
689 743
138 155
321 187
69 166
190 682
293 158
388 347
112 750
365 335
285 54
32 11
30 87
289 655
24 123
110 276
612 397
163 228
578 494
165 215
392 144
188 464
474 764
817 698
309 740
553 552
69 284
398 221
489 746
214 465
401 109
428 608
381 560
582 700
47 99
17 23
323 273
208 247
152 287
61 198
238 209
778 492
81 361
375 132
5 20
702 599
706 320
412 205
369 424
61 1
178 80
83 724
644 237
281 410
10 253
322 5
268 497
137 741
165 209
93 16
314 801
185 195
570 556
77 421
624 499
128 327
437 345
304 510
451 235
133 455
301 407
39 12
278 269
108 343
615 588
338 529
453 78
340 787
674 736
367 76
84 191
40 28
587 528
826 291
33 11
84 26
231 137
794 549
244 238
356 329
175 390
661 147
799 110
711 592
282 32
57 2
230 222
537 54
412 507
357 262
359 636
115 189
683 681
635 412
152 588
97 620
10 16
223 414
695 693
43 17
302 94
110 91
479 117
2 4
295 141
452 229
699 717
228 589
66 368
69 180
368 481
316 336
149 218
130 16
4 7
808 780
393 204
107 89
143 117
305 528
13 5
9 36
69 333
308 240
490 544
742 439
363 514
732 775
754 786
292 281
132 445
331 1
6 48
349 76
177 305
656 448
466 33
59 109
701 44
59 659
369 564
518 667
39 71
54 329
167 780
132 109
19 202
88 639
82 523
627 377
708 247
374 530
3 47
157 461
94 618
427 213
340 689
200 29
177 194
219 18
789 198
78 509
21 159
65 78
116 93
335 166
698 181
181 771
475 459
173 66
363 204
232 319
216 54
206 242
582 404
97 134
499 321
518 315
711 816
441 428
720 589
9 1
61 113
171 643
239 220
261 423
537 590
28 432
247 373
142 84
399 430
651 818
208 574
58 176
41 95
251 425
279 14
31 103
412 591
8 76
441 796
19 4
688 814
419 264
519 496
291 138
672 101
306 642
418 55
100 340
234 192
42 438
204 174
458 324
602 460
222 344
187 176
92 28
20 203
328 14
175 294
63 27
440 176
185 100
448 280
305 554
334 257
191 748
25 86
7 417
190 192
306 348
634 27
727 435
713 611
280 7
81 670
162 120
360 96
614 169
610 249
140 95
538 369
126 117
29 212
30 4
32 428
98 49
340 613
124 693
362 160
726 124
710 170
26 607
380 214
66 600
810 744
408 367
804 265
145 15
751 660
652 103
737 43
187 470
502 348
400 198
97 9
568 341
29 81
384 26
350 38
732 35
486 86
195 235
215 366
246 691
10 785
296 358
378 128
272 249
647 806
325 74
119 14
617 251
324 501
288 33
118 188
823 399
250 37
73 112
174 433
32 60
143 165
339 82
532 186
91 332
59 225
74 513
782 802
50 51
768 378
467 302
541 805
686 35
135 490
85 127
52 23
3 1
286 104
29 520
46 111
300 190
739 535
30 269
76 303
181 462
820 693
275 228
353 444
208 175
758 774
37 56
705 348
12 263
601 148
415 416
552 488
163 49
297 345
54 193
208 715
592 272
170 134
822 138
324 533
21 11
736 813
41 38
556 133
174 337
144 152
506 109
160 75
34 324
821 50
119 692
383 22
140 172
586 502
336 637
85 121
66 186
533 557
342 262
44 24
449 734
12 10
181 259
162 224
68 229
556 725
318 139
361 396
783 127
362 565
27 415
2 88
193 312
83 498
612 681
437 718
304 309
215 232
71 571
438 559
77 714
13 169
636 675
304 665
566 333
33 65
562 12
210 572
599 99
269 769
379 266
60 429
809 265
759 716
812 213
10 85
306 73
81 131
324 654
89 79
555 186
6 196
137 653
707 767
731 676
438 730
290 313
63 118
472 159
2 80
307 593
609 203
375 550
316 149
118 177
102 46
182 696
478 366
738 78
252 266
83 28
146 283
